dim; p; ave_time; ave_time/dim; ave_path; ave_path/dim; frac_perc; cnt_perc; n_trials
10; 0; 0; 0; 0; 0; 0; 0; 1000
10; 0.02; 0.191; 0.0191; 0; 0; 0; 0; 1000
10; 0.04; 0.362; 0.0362; 0; 0; 0; 0; 1000
10; 0.06; 0.522; 0.0522; 0; 0; 0; 0; 1000
10; 0.08; 0.65; 0.065; 0; 0; 0; 0; 1000
10; 0.1; 0.771; 0.0771; 0; 0; 0; 0; 1000
10; 0.12; 0.893; 0.0893; 0; 0; 0; 0; 1000
10; 0.14; 1.029; 0.1029; 0; 0; 0; 0; 1000
10; 0.16; 1.16; 0.116; 0; 0; 0; 0; 1000
10; 0.18; 1.306; 0.1306; 0; 0; 0; 0; 1000
10; 0.2; 1.462; 0.1462; 0; 0; 0; 0; 1000
10; 0.22; 1.638; 0.1638; 0; 0; 0; 0; 1000
10; 0.24; 1.799; 0.1799; 0; 0; 0; 0; 1000
10; 0.26; 2.023; 0.2023; 0; 0; 0; 0; 1000
10; 0.28; 2.209; 0.2209; 0; 0; 0; 0; 1000
10; 0.3; 2.43; 0.243; 13; 1.3; 0.001; 1; 1000
10; 0.32; 2.718; 0.2718; 13; 1.3; 0.001; 1; 1000
10; 0.34; 3.086; 0.3086; 13; 1.3; 0.004; 4; 1000
10; 0.36; 3.501; 0.3501; 12.3333; 1.23333; 0.006; 6; 1000
10; 0.38; 3.879; 0.3879; 12.9091; 1.29091; 0.011; 11; 1000
10; 0.4; 4.368; 0.4368; 13.3182; 1.33182; 0.022; 22; 1000
10; 0.42; 4.908; 0.4908; 13.2059; 1.32059; 0.034; 34; 1000
10; 0.44; 5.471; 0.5471; 13.2885; 1.32885; 0.052; 52; 1000
10; 0.46; 6.06; 0.606; 13.0617; 1.30617; 0.081; 81; 1000
10; 0.48; 6.77; 0.677; 13.0656; 1.30656; 0.122; 122; 1000
10; 0.5; 7.605; 0.7605; 13.1325; 1.31325; 0.166; 166; 1000
10; 0.52; 8.448; 0.8448; 13.0648; 1.30648; 0.216; 216; 1000
10; 0.54; 9.39; 0.939; 12.7923; 1.27923; 0.284; 284; 1000
10; 0.56; 10.406; 1.0406; 12.6657; 1.26657; 0.359; 359; 1000
10; 0.58; 11.318; 1.1318; 12.5291; 1.25291; 0.446; 446; 1000
10; 0.6; 12.244; 1.2244; 12.4227; 1.24227; 0.537; 537; 1000
10; 0.62; 13.077; 1.3077; 12.23; 1.223; 0.626; 626; 1000
10; 0.64; 13.911; 1.3911; 12.1108; 1.21108; 0.722; 722; 1000
10; 0.66; 14.465; 1.4465; 11.8545; 1.18545; 0.797; 797; 1000
10; 0.68; 14.878; 1.4878; 11.6068; 1.16068; 0.852; 852; 1000
10; 0.7; 14.907; 1.4907; 11.3795; 1.13795; 0.896; 896; 1000
10; 0.72; 14.794; 1.4794; 11.21; 1.121; 0.924; 924; 1000
10; 0.74; 14.764; 1.4764; 10.9697; 1.09697; 0.958; 958; 1000
10; 0.76; 14.537; 1.4537; 10.7566; 1.07566; 0.982; 982; 1000
10; 0.78; 14.196; 1.4196; 10.558; 1.0558; 0.991; 991; 1000
10; 0.8; 13.841; 1.3841; 10.417; 1.0417; 1; 1000; 1000
10; 0.82; 13.448; 1.3448; 10.276; 1.0276; 1; 1000; 1000
10; 0.84; 13.117; 1.3117; 10.177; 1.0177; 1; 1000; 1000
10; 0.86; 12.724; 1.2724; 10.092; 1.0092; 1; 1000; 1000
10; 0.88; 12.408; 1.2408; 10.047; 1.0047; 1; 1000; 1000
10; 0.9; 12.083; 1.2083; 10.018; 1.0018; 1; 1000; 1000
10; 0.92; 11.783; 1.1783; 10.007; 1.0007; 1; 1000; 1000
10; 0.94; 11.505; 1.1505; 10.001; 1.0001; 1; 1000; 1000
10; 0.96; 11.195; 1.1195; 10; 1; 1; 1000; 1000
10; 0.98; 10.893; 1.0893; 10; 1; 1; 1000; 1000
10; 1; 10; 1; 10; 1; 1; 1000; 1000
15; 0; 0; 0; 0; 0; 0; 0; 1000
15; 0.02; 0.261; 0.0174; 0; 0; 0; 0; 1000
15; 0.04; 0.486; 0.0324; 0; 0; 0; 0; 1000
15; 0.06; 0.657; 0.0438; 0; 0; 0; 0; 1000
15; 0.08; 0.812; 0.0541333; 0; 0; 0; 0; 1000
15; 0.1; 0.962; 0.0641333; 0; 0; 0; 0; 1000
15; 0.12; 1.149; 0.0766; 0; 0; 0; 0; 1000
15; 0.14; 1.278; 0.0852; 0; 0; 0; 0; 1000
15; 0.16; 1.447; 0.0964667; 0; 0; 0; 0; 1000
15; 0.18; 1.63; 0.108667; 0; 0; 0; 0; 1000
15; 0.2; 1.844; 0.122933; 0; 0; 0; 0; 1000
15; 0.22; 2.076; 0.1384; 0; 0; 0; 0; 1000
15; 0.24; 2.311; 0.154067; 0; 0; 0; 0; 1000
15; 0.26; 2.582; 0.172133; 0; 0; 0; 0; 1000
15; 0.28; 2.843; 0.189533; 0; 0; 0; 0; 1000
15; 0.3; 3.163; 0.210867; 0; 0; 0; 0; 1000
15; 0.32; 3.525; 0.235; 0; 0; 0; 0; 1000
15; 0.34; 3.984; 0.2656; 0; 0; 0; 0; 1000
15; 0.36; 4.449; 0.2966; 0; 0; 0; 0; 1000
15; 0.38; 5.017; 0.334467; 21; 1.4; 0.001; 1; 1000
15; 0.4; 5.612; 0.374133; 19.3333; 1.28889; 0.003; 3; 1000
15; 0.42; 6.422; 0.428133; 20.625; 1.375; 0.008; 8; 1000
15; 0.44; 7.32; 0.488; 22.0769; 1.47179; 0.013; 13; 1000
15; 0.46; 8.497; 0.566467; 22.0435; 1.46957; 0.023; 23; 1000
15; 0.48; 9.759; 0.6506; 21.1429; 1.40952; 0.049; 49; 1000
15; 0.5; 11.296; 0.753067; 21.3402; 1.42268; 0.097; 97; 1000
15; 0.52; 12.828; 0.8552; 21.4106; 1.42737; 0.151; 151; 1000
15; 0.54; 14.672; 0.978133; 21.1102; 1.40734; 0.236; 236; 1000
15; 0.56; 16.44; 1.096; 20.7284; 1.38189; 0.324; 324; 1000
15; 0.58; 18.819; 1.2546; 20.5536; 1.37024; 0.457; 457; 1000
15; 0.6; 20.64; 1.376; 20.0226; 1.33484; 0.575; 575; 1000
15; 0.62; 21.877; 1.45847; 19.4949; 1.29966; 0.689; 689; 1000
15; 0.64; 23.133; 1.5422; 19.0205; 1.26803; 0.78; 780; 1000
15; 0.66; 23.665; 1.57767; 18.5239; 1.23493; 0.857; 857; 1000
15; 0.68; 23.576; 1.57173; 17.9967; 1.19978; 0.901; 901; 1000
15; 0.7; 23.64; 1.576; 17.4651; 1.16434; 0.946; 946; 1000
15; 0.72; 23.297; 1.55313; 17.0807; 1.13871; 0.979; 979; 1000
15; 0.74; 22.52; 1.50133; 16.6616; 1.11077; 0.99; 990; 1000
15; 0.76; 21.722; 1.44813; 16.2989; 1.08659; 0.997; 997; 1000
15; 0.78; 20.993; 1.39953; 16.008; 1.0672; 0.999; 999; 1000
15; 0.8; 20.354; 1.35693; 15.7477; 1.04985; 0.999; 999; 1000
15; 0.82; 19.795; 1.31967; 15.539; 1.03593; 1; 1000; 1000
15; 0.84; 19.279; 1.28527; 15.339; 1.0226; 1; 1000; 1000
15; 0.86; 18.759; 1.2506; 15.199; 1.01327; 1; 1000; 1000
15; 0.88; 18.298; 1.21987; 15.09; 1.006; 1; 1000; 1000
15; 0.9; 17.848; 1.18987; 15.039; 1.0026; 1; 1000; 1000
15; 0.92; 17.459; 1.16393; 15.009; 1.0006; 1; 1000; 1000
15; 0.94; 17.052; 1.1368; 15.001; 1.00007; 1; 1000; 1000
15; 0.96; 16.562; 1.10413; 15; 1; 1; 1000; 1000
15; 0.98; 16.14; 1.076; 15; 1; 1; 1000; 1000
15; 1; 15; 1; 15; 1; 1; 1000; 1000
20; 0; 0; 0; 0; 0; 0; 0; 1000
20; 0.02; 0.347; 0.01735; 0; 0; 0; 0; 1000
20; 0.04; 0.591; 0.02955; 0; 0; 0; 0; 1000
20; 0.06; 0.796; 0.0398; 0; 0; 0; 0; 1000
20; 0.08; 0.973; 0.04865; 0; 0; 0; 0; 1000
20; 0.1; 1.13; 0.0565; 0; 0; 0; 0; 1000
20; 0.12; 1.266; 0.0633; 0; 0; 0; 0; 1000
20; 0.14; 1.407; 0.07035; 0; 0; 0; 0; 1000
20; 0.16; 1.588; 0.0794; 0; 0; 0; 0; 1000
20; 0.18; 1.803; 0.09015; 0; 0; 0; 0; 1000
20; 0.2; 2.027; 0.10135; 0; 0; 0; 0; 1000
20; 0.22; 2.289; 0.11445; 0; 0; 0; 0; 1000
20; 0.24; 2.55; 0.1275; 0; 0; 0; 0; 1000
20; 0.26; 2.871; 0.14355; 0; 0; 0; 0; 1000
20; 0.28; 3.195; 0.15975; 0; 0; 0; 0; 1000
20; 0.3; 3.582; 0.1791; 0; 0; 0; 0; 1000
20; 0.32; 4.012; 0.2006; 0; 0; 0; 0; 1000
20; 0.34; 4.515; 0.22575; 0; 0; 0; 0; 1000
20; 0.36; 5.195; 0.25975; 0; 0; 0; 0; 1000
20; 0.38; 5.827; 0.29135; 0; 0; 0; 0; 1000
20; 0.4; 6.67; 0.3335; 0; 0; 0; 0; 1000
20; 0.42; 7.545; 0.37725; 0; 0; 0; 0; 1000
20; 0.44; 8.635; 0.43175; 27; 1.35; 0.003; 3; 1000
20; 0.46; 9.979; 0.49895; 29; 1.45; 0.009; 9; 1000
20; 0.48; 11.71; 0.5855; 29.8276; 1.49138; 0.029; 29; 1000
20; 0.5; 13.666; 0.6833; 29.1273; 1.45636; 0.055; 55; 1000
20; 0.52; 16.244; 0.8122; 28.6531; 1.43265; 0.098; 98; 1000
20; 0.54; 19.021; 0.95105; 28.7119; 1.43559; 0.177; 177; 1000
20; 0.56; 22.027; 1.10135; 28.3808; 1.41904; 0.281; 281; 1000
20; 0.58; 25.191; 1.25955; 27.8272; 1.39136; 0.405; 405; 1000
20; 0.6; 28.278; 1.4139; 27.241; 1.36205; 0.556; 556; 1000
20; 0.62; 31.116; 1.5558; 26.7947; 1.33973; 0.716; 716; 1000
20; 0.64; 32.474; 1.6237; 26.163; 1.30815; 0.822; 822; 1000
20; 0.66; 33.291; 1.66455; 25.1591; 1.25795; 0.899; 899; 1000
20; 0.68; 32.951; 1.64755; 24.3548; 1.21774; 0.947; 947; 1000
20; 0.7; 32.254; 1.6127; 23.6776; 1.18388; 0.974; 974; 1000
20; 0.72; 31.142; 1.5571; 22.9819; 1.14909; 0.992; 992; 1000
20; 0.74; 29.839; 1.49195; 22.486; 1.1243; 0.998; 998; 1000
20; 0.76; 28.788; 1.4394; 21.994; 1.0997; 1; 1000; 1000
20; 0.78; 27.783; 1.38915; 21.567; 1.07835; 1; 1000; 1000
20; 0.8; 26.838; 1.3419; 21.214; 1.0607; 1; 1000; 1000
20; 0.82; 25.997; 1.29985; 20.889; 1.04445; 1; 1000; 1000
20; 0.84; 25.224; 1.2612; 20.626; 1.0313; 1; 1000; 1000
20; 0.86; 24.593; 1.22965; 20.38; 1.019; 1; 1000; 1000
20; 0.88; 24.035; 1.20175; 20.201; 1.01005; 1; 1000; 1000
20; 0.9; 23.457; 1.17285; 20.081; 1.00405; 1; 1000; 1000
20; 0.92; 22.951; 1.14755; 20.013; 1.00065; 1; 1000; 1000
20; 0.94; 22.435; 1.12175; 20.001; 1.00005; 1; 1000; 1000
20; 0.96; 21.913; 1.09565; 20; 1; 1; 1000; 1000
20; 0.98; 21.306; 1.0653; 20; 1; 1; 1000; 1000
20; 1; 20; 1; 20; 1; 1; 1000; 1000
25; 0; 0; 0; 0; 0; 0; 0; 1000
25; 0.02; 0.412; 0.01648; 0; 0; 0; 0; 1000
25; 0.04; 0.699; 0.02796; 0; 0; 0; 0; 1000
25; 0.06; 0.914; 0.03656; 0; 0; 0; 0; 1000
25; 0.08; 1.107; 0.04428; 0; 0; 0; 0; 1000
25; 0.1; 1.252; 0.05008; 0; 0; 0; 0; 1000
25; 0.12; 1.391; 0.05564; 0; 0; 0; 0; 1000
25; 0.14; 1.568; 0.06272; 0; 0; 0; 0; 1000
25; 0.16; 1.774; 0.07096; 0; 0; 0; 0; 1000
25; 0.18; 1.994; 0.07976; 0; 0; 0; 0; 1000
25; 0.2; 2.231; 0.08924; 0; 0; 0; 0; 1000
25; 0.22; 2.472; 0.09888; 0; 0; 0; 0; 1000
25; 0.24; 2.809; 0.11236; 0; 0; 0; 0; 1000
25; 0.26; 3.129; 0.12516; 0; 0; 0; 0; 1000
25; 0.28; 3.573; 0.14292; 0; 0; 0; 0; 1000
25; 0.3; 4.076; 0.16304; 0; 0; 0; 0; 1000
25; 0.32; 4.597; 0.18388; 0; 0; 0; 0; 1000
25; 0.34; 5.134; 0.20536; 0; 0; 0; 0; 1000
25; 0.36; 5.854; 0.23416; 0; 0; 0; 0; 1000
25; 0.38; 6.615; 0.2646; 0; 0; 0; 0; 1000
25; 0.4; 7.605; 0.3042; 0; 0; 0; 0; 1000
25; 0.42; 8.638; 0.34552; 0; 0; 0; 0; 1000
25; 0.44; 9.788; 0.39152; 37; 1.48; 0.001; 1; 1000
25; 0.46; 11.253; 0.45012; 35.25; 1.41; 0.004; 4; 1000
25; 0.48; 13.11; 0.5244; 36.4444; 1.45778; 0.009; 9; 1000
25; 0.5; 15.383; 0.61532; 37.5652; 1.50261; 0.023; 23; 1000
25; 0.52; 18.524; 0.74096; 37.6667; 1.50667; 0.054; 54; 1000
25; 0.54; 22.374; 0.89496; 37.3178; 1.49271; 0.129; 129; 1000
25; 0.56; 27.448; 1.09792; 37.3644; 1.49457; 0.247; 247; 1000
25; 0.58; 32.874; 1.31496; 36.2146; 1.44859; 0.396; 396; 1000
25; 0.6; 37.651; 1.50604; 35.3189; 1.41276; 0.577; 577; 1000
25; 0.62; 41.045; 1.6418; 34.1888; 1.36755; 0.747; 747; 1000
25; 0.64; 42.567; 1.70268; 32.9862; 1.31945; 0.867; 867; 1000
25; 0.66; 42.706; 1.70824; 31.8887; 1.27555; 0.943; 943; 1000
25; 0.68; 41.685; 1.6674; 30.827; 1.23308; 0.977; 977; 1000
25; 0.7; 40.183; 1.60732; 29.8196; 1.19278; 0.992; 992; 1000
25; 0.72; 38.5; 1.54; 28.9669; 1.15868; 0.998; 998; 1000
25; 0.74; 36.765; 1.4706; 28.2312; 1.12925; 0.999; 999; 1000
25; 0.76; 35.39; 1.4156; 27.669; 1.10676; 1; 1000; 1000
25; 0.78; 34.079; 1.36316; 27.134; 1.08536; 1; 1000; 1000
25; 0.8; 32.972; 1.31888; 26.653; 1.06612; 1; 1000; 1000
25; 0.82; 31.973; 1.27892; 26.282; 1.05128; 1; 1000; 1000
25; 0.84; 31.181; 1.24724; 25.928; 1.03712; 1; 1000; 1000
25; 0.86; 30.438; 1.21752; 25.629; 1.02516; 1; 1000; 1000
25; 0.88; 29.738; 1.18952; 25.377; 1.01508; 1; 1000; 1000
25; 0.9; 29.066; 1.16264; 25.157; 1.00628; 1; 1000; 1000
25; 0.92; 28.433; 1.13732; 25.025; 1.001; 1; 1000; 1000
25; 0.94; 27.849; 1.11396; 25; 1; 1; 1000; 1000
25; 0.96; 27.222; 1.08888; 25; 1; 1; 1000; 1000
25; 0.98; 26.55; 1.062; 25; 1; 1; 1000; 1000
25; 1; 25; 1; 25; 1; 1; 1000; 1000
30; 0; 0; 0; 0; 0; 0; 0; 1000
30; 0.02; 0.465; 0.0155; 0; 0; 0; 0; 1000
30; 0.04; 0.765; 0.0255; 0; 0; 0; 0; 1000
30; 0.06; 0.967; 0.0322333; 0; 0; 0; 0; 1000
30; 0.08; 1.139; 0.0379667; 0; 0; 0; 0; 1000
30; 0.1; 1.289; 0.0429667; 0; 0; 0; 0; 1000
30; 0.12; 1.477; 0.0492333; 0; 0; 0; 0; 1000
30; 0.14; 1.678; 0.0559333; 0; 0; 0; 0; 1000
30; 0.16; 1.917; 0.0639; 0; 0; 0; 0; 1000
30; 0.18; 2.177; 0.0725667; 0; 0; 0; 0; 1000
30; 0.2; 2.428; 0.0809333; 0; 0; 0; 0; 1000
30; 0.22; 2.691; 0.0897; 0; 0; 0; 0; 1000
30; 0.24; 3.054; 0.1018; 0; 0; 0; 0; 1000
30; 0.26; 3.467; 0.115567; 0; 0; 0; 0; 1000
30; 0.28; 3.913; 0.130433; 0; 0; 0; 0; 1000
30; 0.3; 4.41; 0.147; 0; 0; 0; 0; 1000
30; 0.32; 4.906; 0.163533; 0; 0; 0; 0; 1000
30; 0.34; 5.602; 0.186733; 0; 0; 0; 0; 1000
30; 0.36; 6.353; 0.211767; 0; 0; 0; 0; 1000
30; 0.38; 7.053; 0.2351; 0; 0; 0; 0; 1000
30; 0.4; 8.076; 0.2692; 0; 0; 0; 0; 1000
30; 0.42; 9.371; 0.312367; 0; 0; 0; 0; 1000
30; 0.44; 10.77; 0.359; 0; 0; 0; 0; 1000
30; 0.46; 12.742; 0.424733; 51.6667; 1.72222; 0.003; 3; 1000
30; 0.48; 15.532; 0.517733; 47.3571; 1.57857; 0.014; 14; 1000
30; 0.5; 18.369; 0.6123; 44.4783; 1.48261; 0.023; 23; 1000
30; 0.52; 21.968; 0.732267; 45.4651; 1.5155; 0.043; 43; 1000
30; 0.54; 26.576; 0.885867; 46.8333; 1.56111; 0.096; 96; 1000
30; 0.56; 33.103; 1.10343; 45.8883; 1.52961; 0.206; 206; 1000
30; 0.58; 40.113; 1.3371; 44.9921; 1.49974; 0.38; 380; 1000
30; 0.6; 46.999; 1.56663; 43.4875; 1.44958; 0.599; 599; 1000
30; 0.62; 50.743; 1.69143; 41.9738; 1.39913; 0.763; 763; 1000
30; 0.64; 53.206; 1.77353; 40.4956; 1.34985; 0.904; 904; 1000
30; 0.66; 52.22; 1.74067; 38.7193; 1.29064; 0.962; 962; 1000
30; 0.68; 50.253; 1.6751; 37.2404; 1.24135; 0.986; 986; 1000
30; 0.7; 47.646; 1.5882; 35.9044; 1.19681; 0.994; 994; 1000
30; 0.72; 45.206; 1.50687; 34.8758; 1.16253; 0.998; 998; 1000
30; 0.74; 43.348; 1.44493; 34.018; 1.13393; 1; 1000; 1000
30; 0.76; 41.728; 1.39093; 33.308; 1.11027; 1; 1000; 1000
30; 0.78; 40.211; 1.34037; 32.721; 1.0907; 1; 1000; 1000
30; 0.8; 38.983; 1.29943; 32.221; 1.07403; 1; 1000; 1000
30; 0.82; 37.969; 1.26563; 31.751; 1.05837; 1; 1000; 1000
30; 0.84; 36.988; 1.23293; 31.288; 1.04293; 1; 1000; 1000
30; 0.86; 36.094; 1.20313; 30.913; 1.03043; 1; 1000; 1000
30; 0.88; 35.301; 1.1767; 30.577; 1.01923; 1; 1000; 1000
30; 0.9; 34.555; 1.15183; 30.284; 1.00947; 1; 1000; 1000
30; 0.92; 33.868; 1.12893; 30.076; 1.00253; 1; 1000; 1000
30; 0.94; 33.181; 1.10603; 30.01; 1.00033; 1; 1000; 1000
30; 0.96; 32.45; 1.08167; 30; 1; 1; 1000; 1000
30; 0.98; 31.742; 1.05807; 30; 1; 1; 1000; 1000
30; 1; 30; 1; 30; 1; 1; 1000; 1000
35; 0; 0; 0; 0; 0; 0; 0; 1000
35; 0.02; 0.523; 0.0149429; 0; 0; 0; 0; 1000
35; 0.04; 0.822; 0.0234857; 0; 0; 0; 0; 1000
35; 0.06; 1.038; 0.0296571; 0; 0; 0; 0; 1000
35; 0.08; 1.221; 0.0348857; 0; 0; 0; 0; 1000
35; 0.1; 1.397; 0.0399143; 0; 0; 0; 0; 1000
35; 0.12; 1.551; 0.0443143; 0; 0; 0; 0; 1000
35; 0.14; 1.789; 0.0511143; 0; 0; 0; 0; 1000
35; 0.16; 2.015; 0.0575714; 0; 0; 0; 0; 1000
35; 0.18; 2.275; 0.065; 0; 0; 0; 0; 1000
35; 0.2; 2.586; 0.0738857; 0; 0; 0; 0; 1000
35; 0.22; 2.941; 0.0840286; 0; 0; 0; 0; 1000
35; 0.24; 3.306; 0.0944571; 0; 0; 0; 0; 1000
35; 0.26; 3.718; 0.106229; 0; 0; 0; 0; 1000
35; 0.28; 4.214; 0.1204; 0; 0; 0; 0; 1000
35; 0.3; 4.744; 0.135543; 0; 0; 0; 0; 1000
35; 0.32; 5.329; 0.152257; 0; 0; 0; 0; 1000
35; 0.34; 6.028; 0.172229; 0; 0; 0; 0; 1000
35; 0.36; 6.628; 0.189371; 0; 0; 0; 0; 1000
35; 0.38; 7.45; 0.212857; 0; 0; 0; 0; 1000
35; 0.4; 8.407; 0.2402; 0; 0; 0; 0; 1000
35; 0.42; 9.659; 0.275971; 0; 0; 0; 0; 1000
35; 0.44; 11.696; 0.334171; 0; 0; 0; 0; 1000
35; 0.46; 13.865; 0.396143; 0; 0; 0; 0; 1000
35; 0.48; 16.253; 0.464371; 69; 1.97143; 0.001; 1; 1000
35; 0.5; 19.778; 0.565086; 56.8182; 1.62338; 0.011; 11; 1000
35; 0.52; 24.149; 0.689971; 58.5; 1.67143; 0.032; 32; 1000
35; 0.54; 30.677; 0.876486; 54.7865; 1.56533; 0.089; 89; 1000
35; 0.56; 37.643; 1.07551; 54.8343; 1.56669; 0.175; 175; 1000
35; 0.58; 46.766; 1.33617; 53.5896; 1.53113; 0.346; 346; 1000
35; 0.6; 55.39; 1.58257; 51.6632; 1.47609; 0.573; 573; 1000
35; 0.62; 60.2; 1.72; 49.3556; 1.41016; 0.762; 762; 1000
35; 0.64; 61.866; 1.7676; 47.112; 1.34606; 0.902; 902; 1000
35; 0.66; 61.446; 1.7556; 45.262; 1.2932; 0.981; 981; 1000
35; 0.68; 58.06; 1.65886; 43.4582; 1.24166; 0.993; 993; 1000
35; 0.7; 55.122; 1.57491; 42.0531; 1.20152; 0.999; 999; 1000
35; 0.72; 52.462; 1.49891; 40.854; 1.16726; 1; 1000; 1000
35; 0.74; 50.08; 1.43086; 39.942; 1.1412; 1; 1000; 1000
35; 0.76; 48.362; 1.38177; 39.112; 1.11749; 1; 1000; 1000
35; 0.78; 46.649; 1.33283; 38.356; 1.09589; 1; 1000; 1000
35; 0.8; 45.202; 1.29149; 37.699; 1.07711; 1; 1000; 1000
35; 0.82; 43.927; 1.25506; 37.149; 1.0614; 1; 1000; 1000
35; 0.84; 42.806; 1.22303; 36.637; 1.04677; 1; 1000; 1000
35; 0.86; 41.804; 1.1944; 36.174; 1.03354; 1; 1000; 1000
35; 0.88; 40.898; 1.16851; 35.788; 1.02251; 1; 1000; 1000
35; 0.9; 40.081; 1.14517; 35.438; 1.01251; 1; 1000; 1000
35; 0.92; 39.303; 1.12294; 35.147; 1.0042; 1; 1000; 1000
35; 0.94; 38.523; 1.10066; 35.018; 1.00051; 1; 1000; 1000
35; 0.96; 37.751; 1.0786; 35; 1; 1; 1000; 1000
35; 0.98; 36.959; 1.05597; 35; 1; 1; 1000; 1000
35; 1; 35; 1; 35; 1; 1; 1000; 1000
40; 0; 0; 0; 0; 0; 0; 0; 1000
40; 0.02; 0.557; 0.013925; 0; 0; 0; 0; 1000
40; 0.04; 0.878; 0.02195; 0; 0; 0; 0; 1000
40; 0.06; 1.085; 0.027125; 0; 0; 0; 0; 1000
40; 0.08; 1.267; 0.031675; 0; 0; 0; 0; 1000
40; 0.1; 1.453; 0.036325; 0; 0; 0; 0; 1000
40; 0.12; 1.672; 0.0418; 0; 0; 0; 0; 1000
40; 0.14; 1.885; 0.047125; 0; 0; 0; 0; 1000
40; 0.16; 2.131; 0.053275; 0; 0; 0; 0; 1000
40; 0.18; 2.448; 0.0612; 0; 0; 0; 0; 1000
40; 0.2; 2.764; 0.0691; 0; 0; 0; 0; 1000
40; 0.22; 3.126; 0.07815; 0; 0; 0; 0; 1000
40; 0.24; 3.569; 0.089225; 0; 0; 0; 0; 1000
40; 0.26; 4.01; 0.10025; 0; 0; 0; 0; 1000
40; 0.28; 4.424; 0.1106; 0; 0; 0; 0; 1000
40; 0.3; 4.924; 0.1231; 0; 0; 0; 0; 1000
40; 0.32; 5.57; 0.13925; 0; 0; 0; 0; 1000
40; 0.34; 6.254; 0.15635; 0; 0; 0; 0; 1000
40; 0.36; 7.008; 0.1752; 0; 0; 0; 0; 1000
40; 0.38; 7.898; 0.19745; 0; 0; 0; 0; 1000
40; 0.4; 9.135; 0.228375; 0; 0; 0; 0; 1000
40; 0.42; 10.442; 0.26105; 0; 0; 0; 0; 1000
40; 0.44; 11.986; 0.29965; 0; 0; 0; 0; 1000
40; 0.46; 14.008; 0.3502; 0; 0; 0; 0; 1000
40; 0.48; 16.565; 0.414125; 62; 1.55; 0.001; 1; 1000
40; 0.5; 20.132; 0.5033; 65; 1.625; 0.003; 3; 1000
40; 0.52; 25.513; 0.637825; 64.6316; 1.61579; 0.019; 19; 1000
40; 0.54; 32.608; 0.8152; 66.2742; 1.65685; 0.062; 62; 1000
40; 0.56; 41.467; 1.03667; 64.3491; 1.60873; 0.169; 169; 1000
40; 0.58; 53.731; 1.34327; 61.8579; 1.54645; 0.359; 359; 1000
40; 0.6; 63.757; 1.59392; 59.4856; 1.48714; 0.591; 591; 1000
40; 0.62; 71.544; 1.7886; 57.5445; 1.43861; 0.821; 821; 1000
40; 0.64; 72.692; 1.8173; 54.6894; 1.36724; 0.937; 937; 1000
40; 0.66; 69.334; 1.73335; 51.9551; 1.29888; 0.98; 980; 1000
40; 0.68; 65.648; 1.6412; 49.8566; 1.24641; 0.997; 997; 1000
40; 0.7; 62.411; 1.56027; 48.112; 1.2028; 1; 1000; 1000
40; 0.72; 59.123; 1.47808; 46.814; 1.17035; 1; 1000; 1000
40; 0.74; 56.487; 1.41217; 45.741; 1.14353; 1; 1000; 1000
40; 0.76; 54.48; 1.362; 44.838; 1.12095; 1; 1000; 1000
40; 0.78; 52.762; 1.31905; 43.993; 1.09983; 1; 1000; 1000
40; 0.8; 51.165; 1.27912; 43.236; 1.0809; 1; 1000; 1000
40; 0.82; 49.777; 1.24443; 42.552; 1.0638; 1; 1000; 1000
40; 0.84; 48.596; 1.2149; 41.989; 1.04972; 1; 1000; 1000
40; 0.86; 47.475; 1.18687; 41.455; 1.03638; 1; 1000; 1000
40; 0.88; 46.459; 1.16147; 41.012; 1.0253; 1; 1000; 1000
40; 0.9; 45.518; 1.13795; 40.598; 1.01495; 1; 1000; 1000
40; 0.92; 44.656; 1.1164; 40.251; 1.00627; 1; 1000; 1000
40; 0.94; 43.812; 1.0953; 40.037; 1.00092; 1; 1000; 1000
40; 0.96; 42.969; 1.07423; 40; 1; 1; 1000; 1000
40; 0.98; 42.082; 1.05205; 40; 1; 1; 1000; 1000
40; 1; 40.001; 1.00003; 40; 1; 1; 1000; 1000
