0.46973 0.749543
0.080092 0.105568
-0.300235 -0.0433286
-0.671492 0.228131
0.203179 0.829593
-0.377358 -0.252115
0.710285 -0.239511
-0.666552 -0.734216
-0.449985 -0.892234
-0.507488 0.648335
0.920931 0.0808568
0.37755 -0.518193
-0.883822 -0.389884
0.756496 0.424079
0.70699 0.376091
-0.051064 -0.23228
-0.553194 0.462268
-0.656034 0.0335374
-0.205003 0.516554
-0.284954 0.773531
-0.675788 0.0299375
-0.643655 0.0937448
0.60748 -0.0837064
0.658424 0.138621
-0.670346 -0.513741
-0.444746 -0.844202
-0.45875 -0.218063
-0.969227 0.209165
0.529211 0.441115
-0.174555 0.250407
-0.26336 -0.290052
0.821462 0.317794
-0.833804 0.263604
0.395953 0.788936
0.748649 0.550133
-0.717716 -0.660858
-0.375147 0.905984
0.872843 -0.133645
-0.175725 0.59808
0.98519 0.0804944
0.725069 0.238571
-0.331125 0.783134
-0.472519 0.380867
-0.766238 -0.161021
-0.888787 0.15848
0.444958 0.405482
0.936392 -0.0553837
-0.834283 0.201066
0.163102 -0.747816
0.511078 -0.311192
0.0203663 0.2967
0.633172 -0.281251
0.369961 -0.0612146
-0.698123 0.639952
0.0402991 -0.692872
0.227222 0.91468
0.890211 -0.217836
-0.339007 0.302863
0.224999 -0.444525
0.644879 0.487947
0.69295 0.406926
-0.504 -0.727526
-0.844306 -0.243938
0.443737 -0.114131
0.225977 -0.00514269
0.831467 0.459511
0.487765 -0.127787
0.973516 -0.122701
-0.234258 0.819207
0.969229 -0.175637
-0.034189 -0.614676
-0.787375 0.595695
0.660775 -0.360128
-0.140304 -0.0892047
-0.209502 0.906814
-0.347825 0.0999802
-0.119102 0.260038
-0.00937366 0.456423
-0.763591 0.332326
0.236194 -0.285585
0.0495725 -0.834923
-0.0933822 0.524312
0.265255 0.136707
-0.364301 -0.807733
-0.701966 0.0605094
0.431083 -0.77975
0.483052 0.649571
-0.0113106 -0.0980169
0.607916 -0.752214
-0.0893402 0.459952
0.414729 0.343386
-0.900958 -0.409038
-0.878303 0.356474
-0.572033 -0.151559
0.114095 -0.411446
-0.355184 0.430573
-0.411107 0.526953
-0.493289 -0.703752
0.690791 0.131892
0.179369 0.658943
0.855725 0.173779
0.147733 0.952446
0.000865579 0.547139
-0.275906 0.848025
0.498231 -0.238591
0.00207305 0.842104
0.0308483 0.466894
-0.486592 -0.160061
-0.769316 0.103547
0.119596 0.05191
-0.172891 0.21296
-0.0891212 0.140474
-0.11788 0.788918
0.670282 -0.567456
0.762398 -0.37763
0.375866 -0.813837
-0.150291 0.057339
-0.0610173 0.48227
-0.141519 -0.504633
-0.837369 0.331648
0.00230968 0.818901
-0.750547 -0.441429
-0.7524 0.411625
0.175464 -0.981129
0.165571 0.746467
-0.135973 0.695529
-0.253365 -0.306616
0.710525 -0.211874
0.0536104 -0.968656
-0.806679 0.139721
0.881168 -0.211436
0.387092 -0.152757
-0.787442 -0.532304
-0.426615 -0.115186
-0.352408 -0.927522
0.290251 0.246441
-0.284546 -0.358548
0.810973 0.0153654
-0.649348 0.407928
0.336928 0.746419
-0.552459 0.817914
0.680766 -0.357441
-0.524662 0.00933266
0.143369 -0.389274
0.481541 -0.737919
-0.64508 0.146557
-0.71457 0.224611
-0.514408 0.344982
0.111207 -0.939443
0.303035 -0.891297
0.14913 0.429801
0.852652 0.519993
0.0403152 -0.422894
0.849512 -0.255782
-0.356662 -0.410949
-0.567259 0.0771158
0.569916 0.571726
0.885706 0.0582224
-0.775962 0.406857
0.0541096 -0.58004
0.526777 -0.458614
-0.329954 0.465013
-0.65725 -0.402928
0.00466764 0.448129
0.230054 0.522547
-0.27268 -0.927132
-0.556825 -0.564629
0.287618 0.000532389
-0.733653 -0.512022
0.804286 -0.366789
0.645052 -0.604901
-0.570855 -0.365245
-0.677199 0.309652
-0.323797 -0.0618706
-0.536554 0.129873
0.767889 -0.0803182
0.0913172 0.766899
-0.422074 0.200554
-0.0615308 -0.148525
-0.236005 -0.53431
0.465122 -0.698454
-0.914735 0.0421302
-0.341908 -0.452537
-0.399473 0.0494417
-0.837121 0.501287
0.273757 -0.961554
-0.36827 0.484052
0.573677 -0.217757
0.355915 -0.135817
-0.674405 -0.716605
0.0776817 -0.40422
0.85832 -0.208675
-0.911896 -0.228287
0.109079 -0.714591
-0.133617 0.291197
0.466082 -0.558853
-0.00581414 0.28144
0.344683 -0.908595
-0.708629 0.0640384
0.902591 -0.161886
0.318605 0.797947
0.276955 0.78995
-0.294763 -0.0776045
-0.352085 0.503603
-0.805257 0.047338
0.111998 0.344347
0.645108 0.335015
0.591342 0.687895
0.375187 -0.230819
-0.0986163 0.555922
0.342381 0.395582
-0.043182 0.240477
-0.297858 -0.102549
-0.271953 -0.705974
0.654166 0.564283
-0.19476 0.674638
0.642437 -0.568059
0.453956 -0.356256
0.434191 -0.543431
-0.8957 -0.0379336
0.448949 -0.50663
-0.93496 0.12125
-0.857845 0.199304
-0.292906 -0.864291
-0.135271 0.496942
0.634175 0.575621
-0.00246471 0.5752
-0.0783822 0.630324
-0.146919 0.739286
0.831946 0.513534
-0.290529 -0.927017
-0.14387 -0.0276728
0.875243 0.213354
-0.152186 0.206646
-0.904246 0.333539
-0.633695 -0.509108
0.0946187 0.255982
0.286679 0.206544
0.0895604 -0.757672
-0.201001 -0.2215
-0.900945 -0.176876
0.345642 -0.801802
0.41803 -0.165277
0.187652 -0.128606
0.519616 -0.819157
0.751503 0.503862
-0.0801055 -0.334004
0.388529 0.0140698
-0.912833 0.0233047
0.455622 -0.368158
-0.557016 0.227186
0.535172 0.644187
0.805252 -0.127261
-0.873071 0.287799
-0.651746 0.110516
-0.209072 0.128612
0.867383 0.110252
-0.993988 0.049431
-0.594639 -0.0948636
-0.243858 -0.518703
0.16698 0.435947
0.964016 0.217112
-0.779593 -0.618787
0.116706 -0.528681
0.466796 -0.567352
-0.843786 0.4958
0.290768 0.943854
-0.646784 -0.499206
-0.158592 0.547361
-0.371163 -0.143372
-0.13913 -0.353731
0.840737 0.272881
0.700319 0.26692
0.127717 0.534774
-0.15295 -0.633358
-0.367839 -0.264097
-0.675094 -0.301134
-0.346396 0.123302
0.273313 -0.434798
-0.285012 -0.191429
0.657503 0.646668
-0.394499 -0.351912
0.575143 0.432927
-0.254734 0.682606
-0.217913 -0.465464
0.54345 -0.244541
-0.00440025 0.0445515
0.544177 -0.0156201
0.130562 0.354266
0.48775 -0.393258
0.513971 0.317985
0.587958 -0.196411
-0.160532 -0.056417
-0.0443432 0.72289
-0.390684 -0.222266
-0.373096 -0.618672
-0.114157 -0.62943
-0.827172 -0.287645
-0.0867393 0.172165
-0.351924 -0.793607
0.425426 0.139255
-0.782645 0.0777971
-0.731975 -0.296521
0.193155 0.362549
0.110298 -0.222026
0.322831 -0.172179
-0.419708 -0.0367314
-0.175495 0.461427
-0.0781761 0.0947132
-0.189318 0.129958
0.940196 -0.12985
-0.390439 -0.115238
-0.307636 -0.435767
0.863814 0.125452
-0.0489045 0.0620377
0.667496 0.609568
-0.0769914 0.00574791
0.0312912 -0.0886633
-0.540639 -0.513021
-0.386815 0.806222
-0.852136 0.148087
-0.931616 0.321594
-0.0776616 0.741286
0.941647 0.25336
0.219086 0.170853
0.706717 -0.198516
-0.336621 0.410689
0.453733 -0.103146
0.429423 -0.692965
0.518425 -0.825611
-0.631051 -0.0671011
-0.50777 -0.0860546
-0.320035 -0.83232
0.76646 -0.10314
0.0655679 -0.00151843
-0.0205511 0.596764
-0.190471 0.758129
-0.132632 0.851043
0.23667 -0.284156
0.897138 0.195713
-0.653872 0.366674
-0.438497 0.173902
0.775771 0.389935
-0.366167 -0.167306
0.226719 0.469213
0.744596 0.424406
-0.0890976 0.536426
-0.462759 0.415807
0.382148 0.765513
-0.0292062 -0.868017
0.104652 0.887317
-0.704079 0.536557
-0.082044 -0.913489
-0.203875 -0.522846
0.0208721 0.797013
0.368576 0.658029
-0.948071 -0.228486
0.860253 0.278396
-0.605595 -0.233179
0.721245 -0.0405889
-0.178385 -0.124924
-0.58657 -0.480038
0.652695 -0.153269
-0.683195 -0.460174
-0.139548 0.614057
0.622941 -0.225958
0.767162 -0.315751
0.139532 -0.879559
0.501374 0.598793
-0.517258 0.445348
-0.0588823 0.365109
0.55228 0.174725
-0.0312499 0.782612
-0.643675 -0.243603
-0.236708 -0.352253
0.727182 -0.250749
0.131266 0.187986
-0.90805 0.401995
-0.702234 -0.451486
0.358732 -0.796927
0.309237 -0.652574
-0.439964 -0.47027
0.0488762 -0.537411
-0.712951 -0.561162
-0.107228 -0.184576
-0.164138 -0.661316
0.299285 0.0777545
0.241198 -0.189557
-0.145526 0.148771
-0.071736 0.333776
0.804755 -0.47831
-0.954466 0.283282
-0.875456 0.20677
0.711288 0.612853
0.161762 0.734279
-0.424904 0.636265
0.386354 -0.541461
0.799525 -0.380834
0.342312 -0.763472
0.402316 -0.270803
0.934269 0.257124
0.228828 -0.0864751
0.612691 -0.507261
-0.325447 0.218757
0.579369 -0.543211
-0.754314 0.247376
-0.335233 -0.25496
0.281631 -0.632802
-0.405423 0.060249
-0.0865139 -0.0393711
-0.355433 0.231632
0.642011 0.284024
-0.40661 0.106138
-0.0726741 0.566835
-0.273295 0.736551
-0.96473 -0.210397
0.296625 -0.625715
-0.482962 0.860574
0.534909 0.217843
-0.711496 -0.118847
0.532266 -0.212393
0.317865 0.356149
0.463292 0.542037
0.911429 0.386359
-0.460661 -0.337733
0.560403 0.701166
-0.20623 -0.0992301
0.706706 -0.395865
-0.235226 0.558141
-0.205755 -0.120341
-0.563707 -0.231354
-0.398538 -0.228196
0.264754 -0.279708
0.383962 -0.75272
-0.417093 -0.080586
-0.143845 0.395327
0.607955 -0.106069
-0.703396 0.0148978
0.824315 0.260003
0.213346 -0.2976
0.234543 -0.0320052
-0.766926 0.278743
0.174851 0.722124
0.276009 0.885766
0.194106 0.334854
-0.0181774 0.492714
0.130509 -0.539067
-0.558719 -0.393032
0.306442 0.373182
0.0261191 0.984542
-0.352644 -0.886537
-0.331386 0.397863
0.78312 -0.100692
0.841687 0.236671
-0.274482 0.774927
0.488758 0.563792
-0.463524 -0.454501
0.275208 -0.573085
-0.353065 0.0299096
-0.738646 -0.417964
-0.42068 -0.362913
0.523929 -0.323186
0.394222 -0.313888
0.190024 -0.272476
-0.82262 0.230203
-0.237884 -0.110016
0.416189 0.893892
0.675342 0.472745
-0.0334403 -0.0308761
0.147902 -0.203013
-0.276407 0.430108
0.162007 0.849322
0.61178 0.184612
-0.496629 -0.840984
-0.502773 -0.109488
-0.804329 -0.352517
-0.0517261 0.639499
0.257849 -0.330614
0.155741 -0.456042
0.0912139 -0.966924
-0.121049 -0.474221
0.0969433 -0.674783
0.467967 -0.878712
0.371366 -0.45964
0.832852 -0.256477
-0.604387 0.0630387
0.551553 -0.0567002
0.019375 -0.364326
-0.611306 -0.220029
-0.0220687 -0.907934
0.131688 -0.719946
0.102456 -0.0153293
0.360698 0.254394
0.350889 -0.61277
0.0224644 -0.441312
0.0534369 0.113673
0.509916 0.1597
-0.83834 0.0277553
-0.138594 0.65323
-0.352114 0.0250049
0.221925 -0.101317
-0.838116 -0.21133
0.0620095 0.192749
0.268804 -0.20407
0.200504 -0.136092
0.61537 0.519031
0.0341001 -0.881006
0.478677 -0.872469
0.366652 0.314212
0.768851 0.0778159
0.363978 -0.62743
-0.079635 -0.424738
-0.575137 -0.33253
0.413972 -0.376656
-0.45355 -0.81267
-0.797656 -0.204026
-0.215963 0.315628
-0.0771902 0.665078
-0.0370566 -0.809333
-0.45515 0.288412
0.692412 -0.635098
-0.0914922 0.291357
-0.748848 0.106662
0.487056 -0.0496644
-0.860949 0.0368663
-0.775006 0.467819
0.6413 0.325332
-0.865921 0.465017
-0.329746 -0.0483084
0.313545 -0.247513
0.0955696 0.238304
-0.976147 -0.0966923
0.891631 -0.364565
-0.255462 0.451682
-0.0322759 -0.460445
-0.698377 0.37865
-0.6701 -0.37716
0.348573 0.46225
0.179763 -0.724582
0.277124 -0.369516
-0.459907 0.344993
0.352828 -0.0177578
-0.456134 -0.245638
-0.311221 -0.696556
-0.314959 0.478861
-0.440195 -0.354654
-0.842179 -0.500096
0.341431 0.422526
-0.612482 0.00943553
-0.0144334 -0.583027
-0.927347 0.0729958
-0.25836 -0.254632
-0.471128 -0.239952
0.548975 0.617521
0.681772 0.547016
-0.310425 0.693673
0.190258 -0.327736
-0.270918 0.673073
-0.0734304 -0.144692
-0.563425 0.509047
0.643446 0.401263
0.852881 0.371067
0.280727 0.170267
-0.31549 -0.433182
0.602939 -0.405708
0.561067 -0.147823
-0.14008 -0.325786
0.481565 -0.339463
0.507068 0.288366
-0.423544 -0.509234
0.438042 0.163738
0.111317 0.899065
0.0896417 0.606996
-0.827622 0.161974
0.304763 0.15117
-0.307176 -0.713833
-0.514942 -0.635182
-0.445621 0.44598
-0.247845 0.473051
-0.563184 0.561478
-0.600794 0.450553
0.0965121 0.0793767
0.0836704 0.247146
-0.211728 -0.516755
0.899987 0.0808209
-0.730756 0.186527
-0.602287 -0.634651
0.976138 -0.043337
0.645554 -0.168951
0.109104 -0.283828
-0.293761 0.751469
-0.0667427 0.255244
-0.106534 -0.51164
-0.396673 -0.882398
-0.415929 -0.527435
-0.435681 -0.488961
-0.410865 0.594661
0.495428 0.652176
-0.665992 0.676962
0.282614 -0.102007
-0.436419 -0.899454
-0.464012 -0.64201
-0.633416 0.185462
0.108879 -0.0715401
-0.373984 0.453124
0.563486 0.503717
0.337355 -0.0791175
0.272831 -0.526637
0.832627 -0.0309155
-0.0179421 0.446721
0.926625 -0.216046
-0.952571 0.137983
0.738402 0.326933
0.475423 0.431353
-0.263845 -0.442499
-0.596734 0.691233
-0.18554 -0.374521
-0.567956 0.357848
-0.292603 0.215461
0.168646 0.433562
0.419008 0.258828
0.128209 0.815949
0.0098536 -0.390411
0.360165 -0.708239
-0.128916 -0.696284
-0.4411 0.435893
0.059413 0.553415
-0.35568 0.0850341
-0.0901285 -0.789277
0.142448 0.116518
0.320893 -0.754419
-0.414436 0.577053
0.524703 0.686619
-0.833336 0.120277
-0.562704 0.627522
0.708355 -0.682755
0.871179 -0.0871822
0.72813 -0.321521
0.0922351 0.195991
-0.27044 0.723089
0.378058 0.0136762
-0.143902 -0.56212
-0.786926 0.136559
0.230064 0.691095
-0.132694 -0.192306
0.486835 0.234501
-0.747868 0.590373
0.395178 -0.238901
0.375963 0.805784
0.805726 -0.167906
0.0051055 -0.191327
-0.232873 0.0994629
-0.665325 -0.115177
0.652497 0.511821
-0.398059 -0.183941
-0.887124 0.107259
0.0339133 -0.0200685
-0.143382 0.17336
-0.332119 0.0782812
-0.445445 -0.590017
0.100777 -0.240347
0.383061 0.103694
0.431816 -0.473442
-0.396642 -0.364981
-0.185959 0.582999
0.335939 0.131976
0.116782 0.754844
-0.647688 0.310375
0.913307 -0.0444464
-0.245931 0.63154
0.15984 0.427778
0.489639 -0.643994
-0.539375 0.726618
-0.371401 -0.133943
0.428485 -0.445881
0.0701319 0.707168
-0.880228 0.012156
0.435862 -0.467427
0.180757 -0.0102119
0.0456038 0.461871
-0.079645 -0.594038
-0.695273 0.545346
-0.3704 0.683609
0.569358 -0.797127
-0.0465589 -0.514349
0.16928 -0.909302
-0.639136 0.0430861
0.140115 0.920558
-0.408738 0.332242
0.893076 -0.0752714
0.298035 -0.934231
0.376123 -0.494182
0.309961 -0.47875
0.165293 0.0784444
0.394004 0.0296323
0.0303345 -0.167657
0.186015 0.347368
-0.138347 0.799077
-0.52962 0.682418
-0.609112 0.661079
0.13742 -0.376964
0.637933 -0.251679
0.0262498 -0.819817
-0.663412 0.0295376
0.508021 0.314266
0.0053252 -0.498784
-0.00650495 0.671617
0.81812 0.143998
-0.224736 0.860069
-0.636774 -0.253555
-0.689564 0.499388
0.600611 0.477222
0.862642 0.426042
0.367329 -0.293349
0.0182503 0.734179
-0.347385 -0.505165
0.658216 0.638168
0.52442 -0.0743176
-0.285967 -0.24087
-0.444233 -0.217665
-0.295919 0.485952
-0.547284 -0.200194
0.0412697 -0.381717
0.669855 0.245558
-0.408802 -0.728638
-0.226877 0.882312
0.303062 -0.437493
0.275283 0.687649
-0.192225 -0.719109
-0.0576639 0.842898
0.584886 0.186868
0.611739 -0.495594
-0.239554 -0.187774
-0.104318 0.730858
-0.792901 -0.281394
0.61298 0.357611
0.279513 -0.218113
0.171232 -0.108926
-0.716982 -0.321241
0.147651 -0.423993
-0.0541987 -0.917645
-0.857369 0.194974
0.410662 0.0012753
0.0997988 -0.680982
0.733394 0.152265
0.63014 0.765454
0.00723076 -0.473281
-0.431181 -0.860688
-0.381891 -0.447141
0.535577 -0.55977
0.308119 0.554623
0.35859 0.814591
0.105528 -0.385585
0.0765419 0.439583
0.125116 0.822561
-0.270965 -0.109313
0.250286 0.562387
0.451585 -0.217645
-0.535342 0.515498
0.272843 -0.33079
0.483489 0.00159931
0.00251067 0.197639
0.634826 -0.482739
-0.783161 -0.587559
-0.327155 -0.498132
-0.0134879 -0.690864
0.637004 0.130143
0.444657 -0.654234
-0.544872 0.341651
0.132005 0.61601
-0.539648 0.136234
-0.321152 0.406182
-0.262896 -0.489228
-0.459659 0.504614
0.525828 -0.412386
-0.221647 0.773315
-0.661284 -0.201576
0.527716 -0.681655
0.0296206 -0.165168
-0.524229 -0.708512
0.106524 0.347568
0.38854 0.19489
0.370416 -0.424431
0.582002 -0.2963
-0.546583 -0.413556
-0.606557 -0.399327
0.485887 0.301015
0.477351 0.839283
0.889529 0.316596
-0.244764 0.252059
-0.700578 -0.619415
-0.500878 -0.261299
0.0288712 -0.762743
-0.439467 -0.117718
-0.310415 0.86122
-0.0234205 0.371804
0.219982 -0.761695
0.187684 0.402585
0.252368 -0.444601
0.588951 0.494167
-0.542227 0.793425
0.0622121 -0.401466
0.148669 0.673305
-0.0952823 0.590221
0.320042 0.938978
-0.452817 -0.503356
-0.037197 0.829984
0.0258029 -0.331629
-0.872846 0.0805199
0.650759 -0.701699
0.577538 0.686511
0.184299 -0.495495
-0.303752 0.841412
-0.387367 -0.482739
0.21935 0.606965
-0.743647 -0.468661
-0.109392 -0.553526
0.0970054 0.369568
-0.225058 -0.558283
-0.00248945 0.160214
-0.259814 -0.692438
0.190936 -0.941057
-0.791449 0.11534
-0.828112 -0.0701138
0.553434 -0.427399
0.860445 -0.504653
-0.911647 -0.0458755
0.61038 0.657419
0.317335 -0.54212
0.139562 -0.381176
-0.416666 -0.897607
0.610371 0.506401
0.0674424 -0.495686
-0.247142 0.282479
0.154574 -0.0793166
0.486058 -0.81788
0.160497 -0.530154
-0.293332 -0.0367512
0.321917 0.454077
0.539384 -0.571875
0.485427 0.576326
0.303295 -0.51404
0.809576 0.535757
-0.517251 0.57057
-0.430128 0.843686
0.127182 -0.460417
0.252151 -0.0955707
-0.256462 -0.349842
0.23736 -0.695369
-0.970894 0.17774
0.529415 -0.128055
-0.600136 -0.482085
0.306606 -0.875191
0.359741 0.171644
-0.32432 -0.84193
-0.315274 -0.802248
0.144076 -0.521744
0.155271 -0.363304
-0.058395 0.555122
0.598212 0.144498
-0.325249 -0.465116
0.79525 -0.225902
-0.285226 0.199926
0.461358 0.0414417
-0.618923 -0.23714
0.384532 0.824001
0.196234 0.0967284
-0.284774 -0.195347
-0.72837 0.28108
0.824289 -0.169257
0.0213234 0.382456
0.520837 -0.287022
-0.404707 0.0818025
-0.626325 -0.646358
-0.344725 0.199557
0.350456 0.11334
-0.66651 -0.0364796
0.149853 0.572819
-0.07032 0.131197
-0.749822 -0.26435
0.358341 0.64395
-0.6746 -0.00718588
-0.34049 -0.61279
-0.330243 -0.401611
0.644156 0.325394
-0.816242 -0.571829
-0.633897 0.0916184
-0.646263 0.251802
0.0456159 0.667235
-0.390384 0.818416
0.510375 -0.134144
-0.551818 -0.404236
-0.435651 0.0189394
0.409919 -0.499127
0.104547 -0.880817
-0.483474 0.244305
0.0386537 -0.346377
0.437515 -0.676428
0.836202 0.0470498
0.325989 0.888851
0.556803 0.183171
0.560591 -0.15376
0.577517 0.334888
-0.784773 0.321433
0.248316 -0.552797
0.169041 -0.925669
0.272625 0.00972474
0.353328 0.374865
-0.234081 -0.198007
-0.503032 -0.455941
0.00277603 0.65629
0.0672331 -0.014422
-0.443485 0.353112
-0.00223857 0.376186
-0.141515 -0.435511
-0.199818 -0.344025
-0.0294272 -0.58285
-0.344211 0.842123
-0.81548 0.233113
-0.0739541 -0.94704
0.88879 -0.108924
-0.679165 -0.730649
0.0177591 0.477297
0.598214 0.190078
0.644806 -0.752
0.820948 -0.320764
-0.386122 0.448854
0.213167 0.693818
0.948049 -0.136442
-0.678366 0.703408
0.174813 0.0887516
0.265905 -0.930419
0.454929 -0.0142959
-0.200738 0.188815
-0.58156 -0.279324
-0.604882 -0.247689
-0.9069 -0.264744
0.761694 -0.206843
0.0248382 -0.544861
0.0590988 -0.725691
0.540128 -0.0754803
0.727652 -0.353755
0.438274 0.0736667
0.332379 0.298945
0.459166 -0.794336
-0.399979 -0.440854
-0.359041 -0.403069
-0.389257 -0.236761
-0.618001 -0.738926
0.201255 0.496545
-0.568889 0.676809
-0.930213 -0.0838439
-0.185803 -0.797108
-0.327852 -0.215397
0.108177 0.132306
-0.723402 -0.220201
-0.268121 -0.307603
0.118622 -0.322608
-0.0910414 -0.133218
-0.0165939 -0.893122
0.255291 0.671439
0.653682 0.44214
0.748146 0.0886377
-0.265498 -0.223481
-0.471605 -0.26292
-0.893789 0.088999
0.820476 -0.260334
-0.469179 0.51309
-0.312621 -0.214483
-0.331369 0.68412
0.060528 -0.704372
-0.379499 -0.235882
0.716729 0.0569028
0.881189 0.134426
-0.580127 -0.194643
0.658143 -0.5855
0.0110716 0.0801154
0.500174 0.421787
0.257577 -0.901464
-0.399681 0.553496
0.614103 -0.777709
-0.730029 0.405681
0.456079 -0.673772
0.0438895 -0.348935
-0.398323 -0.616546
-0.291946 -0.74197
-0.0110683 -0.0245482
-0.677431 0.412246
0.603919 0.071241
-0.360013 -0.746282
0.454234 0.304504
-0.207899 -0.158204
-0.35928 -0.420188
-0.105123 -0.808134
-0.315961 -0.361482
0.851439 0.131111
-0.66651 -0.0292168
0.196905 -0.616771
-0.0365515 -0.321541
0.631807 0.773086
0.144545 -0.627003
-0.102224 -0.070766
0.634819 -0.592433
0.254806 0.522247
-0.528695 0.222206
0.613695 0.36539
-0.091496 0.226492
0.885457 -0.130951
-0.0436746 -0.0384439
-0.126998 -0.457904
0.503013 0.146862
0.392063 -0.594431
0.410181 -0.08806
-0.198359 0.172171
0.105831 0.698925
0.834301 0.0979322
-0.0539225 -0.274667
-0.835985 -0.397363
-0.486305 0.667744
-0.522092 -0.806891
0.590838 0.21488
0.842646 0.354984
0.983513 -0.104954
-0.722452 -0.242386
0.216037 0.927795
0.888577 0.319748
-0.256862 0.925992
-0.315653 0.822705
0.360934 0.225431
-0.0693938 -0.301465
0.156494 0.186612
-0.406582 0.584486
-0.0729185 0.459306
-0.158805 0.960254
0.0869368 -0.853065
0.541086 0.0275562
0.490103 -0.84317
-0.285485 -0.150784
-0.783341 0.38157
0.737871 -0.608652
0.137434 -0.143801
-0.528662 0.776438
-0.467739 0.705462
0.869975 -0.336817
0.184546 -0.327108
0.196035 0.752051
0.892143 0.251704
-0.824079 -0.292504
0.173606 -0.206464
-0.039807 0.963497
-0.776245 -0.343561
-0.744128 -0.553489
-0.40925 -0.269751
-0.95328 0.230631
0.0408021 -0.23839
-0.614181 -0.532143
-0.0888937 -0.0359998
0.751233 -0.0211567
0.496289 -0.861903
-0.00916296 -0.00205052
-0.918806 -0.368101
-0.67075 0.710251
-0.71409 0.292909
0.119561 -0.541892
0.143158 0.0539227
0.278298 -0.638801
-0.214748 0.736816
-0.872596 0.281464
0.148643 0.244545
0.0745559 -0.939819
-0.600615 -0.534354
0.160042 -0.181964
-0.262589 0.668662
0.294739 -0.314872
-0.364521 -0.509794
0.0499179 0.971366
0.194803 0.0583797
0.874756 0.0208364
0.409472 -0.0111892
0.696053 0.556841
0.697469 0.359523
-0.196891 0.845144
0.743859 0.0344492
-0.657697 0.0827552
-0.866896 0.078979
0.024394 -0.00908804
-0.19713 0.841549
0.406863 0.151125
-0.705756 0.35737
0.316672 0.307621
-0.0396011 0.424881
0.219097 0.357935
0.113647 0.0577085
-0.0936952 -0.735509
0.203801 -0.721891
-0.74931 0.341401
-0.0782055 -0.400164
0.446787 -0.857548
-0.579919 -0.692437
-0.72482 -0.0574431
-0.147909 0.0880282
0.132455 0.165138
0.871911 0.205602
0.149319 -0.401083
-0.366354 0.690125
0.327156 0.50887
-0.268789 0.463749
0.223305 -0.913476
-0.436794 0.80489
-0.206684 0.268495
0.149853 0.587596
0.717687 0.157936
0.18266 -0.0408083
0.13408 -0.521459
0.361863 -0.174423
-0.940445 -0.0596054
0.054594 -0.437862
-0.477321 -0.333669
-0.699116 -0.0511267
-0.321937 -0.792708
0.120251 -0.943839
0.218574 -0.43089
0.0336412 -0.592672
0.424214 -0.231344
-0.682898 0.529669
-0.809997 0.38692
-0.157191 0.0938379
-0.40498 -0.500318
-0.64888 0.268859
0.706951 -0.274813
-0.0627695 -0.967669
0.115114 0.721666
0.79123 0.204607
0.833787 -0.533614
0.257104 -0.852304
-0.103396 0.219055
0.192406 -0.234274
-0.792859 0.421602
-0.136743 -0.242399
-0.00159901 -0.875016
-0.399721 -0.114437
0.292889 0.586517
0.237175 0.192115
-0.0493258 0.981741
0.662449 -0.211996
0.143893 0.409318
0.370174 -0.482623
-0.0408164 -0.00206774
0.399432 -0.750465
-0.552293 -0.381122
-0.381917 -0.882162
-0.947331 0.204296
-0.347138 -0.356313
-0.760549 -0.549587
-0.408328 -0.762521
0.424201 -0.445974
0.244336 0.55341
0.734377 0.670287
-0.090588 -0.513215
0.126542 0.793039
-0.7891 -0.397935
-0.328313 0.0476425
-0.229603 -0.937636
-0.794535 0.243667
0.705029 -0.580312
0.701262 0.109746
-0.49582 0.745843
0.458069 0.772248
-0.453696 0.725467
0.00078094 -0.875132
0.363728 -0.821863
-0.0222006 0.874386
-0.22122 -0.0447074
-0.199607 -0.79198
0.047928 -0.473903
0.123668 0.486434
-0.173804 0.869269
-0.0260226 0.639304
0.0148485 -0.441393
-0.494438 -0.0117183
0.426136 0.0631359
-0.361139 0.328931
-0.414665 0.720719
-0.366659 -0.438213
0.793632 0.569639
-0.0796105 -0.0127581
0.596785 0.163751
0.773615 0.139946
0.4197 -0.110561
-0.400156 0.585626
-0.467786 -0.0761733
0.105368 0.923146
0.525639 0.407729
-0.767396 0.380997
0.379261 0.232256
-0.0668015 -0.732256
-0.649625 -0.242563
0.617761 0.71301
-0.654622 -0.238664
-0.420422 -0.0254769
-0.379741 -0.302088
-0.523723 -0.218217
0.467059 -0.14777
0.860003 0.069437
-0.172909 -0.0760525
-0.611247 0.779242
0.132456 0.194691
0.416862 0.206439
-0.375648 0.48456
-0.267619 0.12484
-0.428752 -0.0295808
0.83498 -0.488341
-0.662448 0.235506
-0.492788 -0.28859
-0.218822 0.256711
0.550161 0.554352
-0.822604 0.494422
-0.256632 0.781574
-0.284037 0.187096
-0.376379 0.189772
-0.195017 0.345466
0.251884 -0.593792
0.58557 -0.318763
0.80315 0.54839
0.454499 0.770919
0.90688 -0.0721343
0.962347 0.165401
0.795023 -0.0491769
0.201414 -0.830218
-0.534221 -0.651878
-0.543008 -0.336593
-0.0296738 -0.726443
-0.0853645 -0.720886
-0.799813 -0.461278
0.395175 -0.298256
0.465169 0.099961
-0.430383 0.556338
0.375491 0.884747
-0.0634409 -0.250163
-0.959467 0.23033
-0.601792 -0.31616
-0.453777 -0.623173
-0.276692 -0.355874
-0.813372 -0.338354
-0.71026 0.654966
-0.383011 0.738768
-0.520599 0.28758
0.591984 -0.532503
0.353579 0.598099
0.316151 -0.452153
-0.688884 -0.0806245
-0.314777 -0.46347
-0.0425413 -0.992192
0.904735 -0.115257
0.875451 -0.297212
0.723881 0.268933
-0.211923 0.213451
0.514181 -0.161026
0.391608 -0.240982
0.417541 -0.396864
-0.0857686 0.487829
-0.21888 -0.723776
0.0119812 -0.632043
-0.741494 -0.287294
-0.38832 -0.487351
0.742165 -0.424483
-0.293299 0.517481
0.203076 -0.895715
-0.785963 0.327
-0.920691 -0.049494
0.410642 -0.333818
-0.653695 -0.657553
0.483956 -0.160511
0.321222 0.777134
-0.715337 -0.665482
-0.923764 0.295217
0.381109 -0.70119
-0.0179846 -0.266793
0.330942 0.146644
-0.834772 -0.00998449
-0.276933 -0.412562
0.0630058 0.938424
-0.576277 0.514278
0.622974 0.317005
0.448776 0.586969
0.0696197 0.0969101
0.384292 0.789602
0.675803 0.214715
0.131522 0.497123
-0.523716 -0.0980036
-0.0434019 0.544678
-0.15791 0.0151831
-0.125089 -0.367536
0.486546 -0.627616
0.0658495 0.732871
-0.629391 -0.171917
0.557715 -0.487413
-0.621251 0.628008
-0.553451 0.151629
0.190799 0.753858
0.0921737 -0.83734
0.493282 0.583258
0.431419 0.867508
-0.447789 0.0124156
-0.0529916 -0.630193
0.0313076 0.186574
-0.723652 -0.4239
0.163849 -0.181798
0.322805 -0.611207
-0.178862 -0.135369
-0.736994 -0.656767
-0.251962 -0.730085
-0.731266 -0.380905
0.417349 0.392696
0.384444 -0.652616
0.379954 -0.1186
0.634875 0.344727
0.66672 -0.433296
-0.692412 0.622795
-0.636759 -0.00711823
0.2536 0.256835
-0.0394363 -0.805961
0.205008 -0.427176
0.494652 -0.379167
0.037696 -0.442401
0.778354 -0.197884
-0.0441362 0.203808
-0.591754 0.387803
-0.187897 0.010527
-0.311123 0.949361
-0.354047 -0.466324
-0.699341 0.172681
0.257661 0.506281
0.075987 -0.887195
-0.594833 0.63434
-0.645298 0.481563
-0.375871 0.732411
0.634102 -0.642287
-0.846668 0.0517011
0.0825185 0.887088
-0.711955 0.166732
0.260704 -0.341321
-0.525865 -0.206993
-0.532234 0.738043
0.0624738 -0.00242019
-0.105332 -0.319858
-0.0191811 -0.377682
0.352387 0.562093
0.274782 0.256458
0.14647 -0.275673
0.767878 -0.27341
0.58127 -0.595095
0.581525 -0.306996
0.116701 -0.603814
0.284256 -0.508358
0.300034 0.671572
-0.747882 0.355707
0.36614 -0.278014
0.282395 0.212211
0.63151 -0.20749
0.112918 -0.180229
0.897837 -0.0559677
0.912812 -0.369449
0.665337 0.322012
-0.593942 -0.382358
-0.682005 -0.449963
0.793126 0.068073
-0.337866 -0.51289
0.399514 0.634239
0.98138 0.0477709
-0.148137 0.254735
-0.667455 0.08964
0.0141155 -0.761977
0.0248749 0.0732348
-0.517006 0.685612
-0.0395972 0.489746
0.38259 0.194928
-0.195469 0.745749
-0.369052 -0.663747
-0.41238 -0.87798
0.194367 0.729141
0.517094 0.793478
0.990191 0.133196
0.0903355 0.268411
0.578961 0.588868
-0.763108 0.451464
-0.372772 0.814206
0.523701 -0.163241
0.384236 -0.154071
0.533674 -0.544951
-0.992557 0.0960444
0.218603 0.055472
0.0934035 -0.168964
-0.466877 -0.806864
-0.356198 -0.627656
-0.0536538 0.240084
-0.18456 0.102178
-0.580782 0.798601
0.0913054 0.5703
0.943286 -0.185799
-0.724824 -0.110537
0.200524 0.212276
-0.839978 0.493211
0.155759 -0.1505
-0.212452 -0.68607
-0.853599 -0.437482
0.0717748 0.319601
-0.391401 -0.268864
0.456155 0.601989
-0.377856 -0.631965
0.464715 0.463679
-0.295518 -0.769095
-0.298326 0.0277551
0.479923 0.0733994
-0.376858 0.153281
0.288301 -0.520375
0.0526583 -0.972517
0.0748618 0.201291
0.11671 -0.455801
0.342784 -0.825906
0.705752 -0.430781
-0.379775 -0.872599
0.23028 0.315518
-0.504706 -0.590048
-0.295503 -0.52341
-0.034173 -0.345449
0.0391635 0.221055
-0.42879 -0.675976
0.435631 -0.353063
0.0746452 0.561592
-0.635572 -0.0540089
-0.488519 -0.547456
0.0774893 0.361298
0.443733 -0.183504
0.307155 0.349155
0.731738 0.326955
-0.890217 0.121384
-0.172892 0.209954
0.47947 0.456652
-0.688857 0.379691
0.627198 -0.689186
0.828365 0.336894
0.17356 -0.983591
0.0679691 0.355749
0.549161 -0.256188
0.240448 -0.784627
0.784302 -0.24225
-0.329229 0.642342
0.309544 0.50156
0.106927 -0.880431
0.0321993 -0.827368
-0.240781 -0.811321
-0.671786 -0.699351
0.0118027 0.366889
-0.0622735 -0.630895
0.342072 -0.804634
-0.205503 0.105648
0.466631 0.667247
0.422554 -0.131286
-0.0575201 -0.740319
0.332373 0.191003
-0.140549 -0.214014
0.104868 0.523761
-0.796205 0.174676
-0.577461 0.61827
0.591042 -0.353038
0.318326 0.100122
-0.196256 -0.479438
0.0869367 -0.854567
-0.851884 0.384595
-0.657672 0.505504
-0.362138 -0.457065
-0.308082 0.0734587
0.618907 -0.030866
-0.764547 0.262599
-0.504246 -0.858346
-0.562982 -0.0457594
-0.658136 0.714949
0.062278 0.706498
0.10509 0.24786
-0.211212 0.161374
-0.548255 -0.514104
0.2224 -0.125183
-0.173326 0.911771
0.180972 -0.407327
-0.779355 -0.614441
-0.909995 -0.291191
-0.0465661 -0.636566
-0.757453 -0.515376
0.0798143 -0.55995
-0.401159 -0.28477
-0.72459 -0.191342
0.00768125 -0.901613
-0.643433 -0.171136
-0.408794 -0.59991
-0.935923 -0.059424
-0.210223 0.787337
-0.536838 -0.636073
-0.483541 -0.87042
0.51536 -0.349918
0.927807 -0.343329
-0.0894184 -0.855128
-0.345665 0.410827
0.844067 0.2338
0.713384 -0.150203
-0.433547 -0.630666
-0.186244 -0.208492
0.56421 0.675036
-0.944981 -0.287941
0.567547 0.765184
-0.613443 -0.144942
-0.326449 -0.620083
0.264964 -0.759219
0.282106 -0.637884
-0.295526 -0.903584
-0.421366 0.108907
0.405211 0.381915
-0.466813 0.268792
-0.414286 -0.904484
0.332606 0.103186
0.248811 -0.242319
0.00489712 0.306216
0.459426 -0.42885
0.81385 0.384331
0.341673 0.489733
0.282409 0.445124
0.408979 -0.287606
0.20696 0.381715
0.456611 0.261562
0.979948 -0.0138692
-0.824984 0.50205
-0.039917 -0.885279
0.866176 -0.173944
-0.49939 0.744764
0.614607 -0.295427
-0.135573 -0.573293
0.779771 -0.394952
0.0407635 -0.88729
-0.0160992 -0.578137
0.657692 -0.165433
0.11274 0.82822
0.226704 0.221274
-0.552285 -0.258154
-0.737183 0.157337
-0.641498 0.33572
0.301921 0.387527
0.711493 0.0592104
0.610815 -0.026867
-0.810977 -0.08502
-0.817653 -0.289109
0.638427 0.0482793
-0.0146259 0.181991
0.717176 -0.427779
0.395218 0.424525
0.983053 0.170858
0.80265 0.145249
-0.802643 -0.016552
0.0746709 0.993106
0.578962 0.616668
0.191651 -0.924512
-0.844761 0.0957369
-0.263603 -0.369532
-0.0660347 0.155333
0.265921 -0.658687
0.171907 -0.766576
0.694126 0.177962
-0.260194 0.918239
0.223575 -0.382196
0.731212 -0.515214
0.728632 0.111173
0.948538 0.0703514
-0.274529 -0.00345272
0.37017 -0.550994
-0.10531 0.0620692
0.342792 -0.692419
0.507497 -0.500605
-0.502534 -0.085357
-0.214552 0.0311544
-0.849546 -0.317515
-0.0379232 0.624104
-0.77003 0.101779
0.595394 0.783819
-0.358978 0.657059
0.706532 0.690972
-0.833324 0.326142
-0.577957 0.276237
0.44139 0.445476
-0.634097 0.727908
-0.0574853 -0.156034
0.205973 -0.212692
-0.472777 0.0359174
-0.209033 0.789784
-0.106318 -0.892727
-0.703655 -0.336313
-0.0258046 0.301795
0.569187 0.328029
-0.820976 -0.150352
0.476095 -0.267621
0.0415893 0.991555
0.824323 0.402506
-0.380919 -0.111192
0.261156 -0.746111
0.513752 0.636711
-0.796932 -0.0304533
0.965182 -0.192171
0.187905 0.119673
-0.586512 0.484922
0.0836818 0.440238
-0.0572088 0.492203
-0.425643 0.224269
0.26406 0.0651379
-0.181207 0.460802
0.613001 0.715745
0.200331 0.969279
0.811223 0.22207
0.0193635 -0.556917
0.499241 0.737242
0.355729 0.729378
-0.881406 0.2018
0.541603 0.724969
-0.286888 0.28045
-0.48182 0.0448211
0.289544 0.364135
0.0600654 -0.481404
-0.155041 0.23238
-0.138366 0.48477
-0.133599 0.604252
-0.287848 0.143102
-0.877822 0.441552
0.0488565 -0.869249
0.366355 -0.676382
-0.488715 0.170979
-0.35805 0.260961
-0.0262681 0.512992
-0.141745 -0.302113
0.484401 -0.676499
-0.270041 -0.584301
0.799094 0.365312
-0.246679 0.0692778
0.507731 -0.571893
0.560817 -0.344009
0.243807 -0.335593
0.538667 -0.617722
0.196515 0.824106
-0.919969 0.0832566
-0.168663 -0.723357
0.537799 0.784158
0.829981 -0.504979
-0.548667 0.553862
-0.857881 -0.407271
0.253535 -0.838857
-0.804273 0.590655
-0.328513 0.681177
-0.308817 -0.28369
0.161704 -0.242952
0.803827 -0.0854676
0.712876 -0.699603
0.10908 -0.688295
-0.301432 -0.172249
-0.348093 -0.392982
-0.0044055 -0.0431038
0.0317934 0.350292
0.260527 0.681653
0.820758 0.483322
-0.0319868 0.398165
0.208313 -0.891761
-0.758881 -0.513654
-0.87473 0.420915
0.323056 -0.393984
0.311848 -0.773565
0.694158 0.7074
-0.72102 -0.184002
-0.918543 0.0532343
0.93021 0.0392336
0.25287 -0.0159141
-0.672432 0.441405
0.700083 0.298638
-0.041507 0.392115
0.808375 0.362006
0.103871 -0.244454
-0.425374 0.740022
-0.0198163 0.948152
0.627251 0.204147
-0.0288733 0.726647
-0.0255868 -0.0374681
0.273816 0.0261964
-0.593174 0.531026
0.377132 0.459863
0.0334451 0.112489
0.471322 -0.485276
0.143819 -0.830629
0.118822 -0.959898
0.392288 -0.814483
-0.311169 0.18726
0.647701 -0.0832533
0.794329 0.282145
0.00791681 -0.942096
0.188872 0.36972
0.711992 0.454839
-0.43687 -0.474127
-0.229343 -0.561381
0.374228 -0.343623
-0.183115 0.384209
-0.0607892 0.316064
-0.568887 0.72264
0.442343 0.465615
-0.402596 -0.437822
-0.900441 0.281112
0.826659 -0.334415
0.564677 0.533963
-0.157665 0.124215
0.203633 0.453604
-0.317847 -0.0531432
0.821948 0.48076
-0.608892 0.351369
-0.54707 -0.613087
-0.0186638 0.317477
0.267428 0.663186
-0.706471 0.339323
0.153882 0.291826
-0.392286 0.84175
0.619368 -0.287394
0.680572 0.37602
0.671232 -0.598407
-0.37946 0.423036
-0.0407923 0.404152
0.118352 -0.854889
0.960185 -0.163227
0.00129569 -0.224051
0.679147 0.427831
0.556786 -0.0943204
0.0560654 0.290961
0.25212 -0.617496
0.564599 -0.789132
0.294814 0.942356
-0.20817 -0.708017
0.147696 0.323582
-0.732188 0.113367
0.825997 0.54037
0.893079 -0.0196729
-0.389053 -0.820207
-0.336387 0.347165
-0.139542 0.725254
-0.656019 0.284732
0.22973 -0.922853
0.407849 0.71047
-0.137231 -0.435168
0.137232 0.461683
-0.363112 -0.824821
-0.766202 0.435786
-0.532028 0.211448
-0.191213 0.280517
0.557458 -0.811075
0.291859 -0.720152
0.513022 0.363461
0.820033 0.294222
0.363074 0.18165
-0.233365 -0.166185
-0.892145 -0.274776
-0.447354 -0.684392
-0.783604 -0.0262412
-0.641545 -0.450674
0.199855 0.966848
-0.193397 -0.427534
0.432086 0.0681065
-0.474887 0.581588
0.750785 0.441236
0.527744 -0.209318
-0.0103164 0.611344
0.267354 -0.588532
0.633704 0.660344
0.0261097 0.825009
0.483955 -0.170028
0.340403 -0.839314
-0.357876 -0.818614
-0.43757 -0.233967
-0.00414634 0.312865
0.330402 -0.94071
0.0696434 0.495617
-0.449436 0.332363
0.0291226 -0.536002
-0.160095 -0.715157
-0.493711 0.19842
-0.291461 -0.59328
-0.875484 -0.255048
-7.59959e-05 0.722596
-0.228549 0.775253
0.538989 0.790612
0.498746 0.42376
0.130527 -0.237032
-0.730041 0.194557
-0.0810497 -0.201624
0.460352 -0.860761
0.549223 0.79818
0.504156 -0.651861
0.424211 -0.288445
-0.290499 -0.422373
-0.821439 0.0743695
-0.588191 0.28019
-0.84931 -0.354742
0.36399 -0.422817
-0.290926 0.409424
-0.416384 -0.166723
-0.173629 -0.177247
0.11624 -0.355551
0.267109 -0.693056
-0.29331 0.335909
-0.374766 -0.691921
0.888098 0.267478
0.108357 -0.843335
0.0731339 -0.83817
0.916411 0.120746
-0.613671 0.0350386
0.643224 0.659131
-0.439027 -0.734134
0.562537 0.553451
-0.150502 0.506547
-0.764333 -0.148041
-0.398265 0.363691
-0.317102 0.462035
0.181262 0.474324
0.257651 0.344745
0.204063 -0.320341
-0.640351 -0.373845
-0.20736 0.905107
-0.888577 -0.317525
0.508266 0.431312
0.1193 -0.916895
-0.258292 0.883135
0.0312846 -0.200612
0.635083 -0.152565
0.116482 -0.289846
0.359201 -0.908948
-0.92237 -0.27877
0.71839 -0.0161073
0.534424 0.067149
0.425445 0.461576
-0.584611 0.443056
-0.172942 -0.644059
-0.0329369 0.428615
-0.391154 -0.125021
0.773643 0.617542
0.582298 0.68052
-0.139616 -0.531974
0.584152 -0.160012
0.492964 -0.761965
-0.343596 -0.819807
-0.272204 -0.931463
-0.0172454 0.156973
-0.151741 -0.310093
-0.29073 -0.307007
-0.731208 0.592319
0.704623 0.59284
-0.0201474 -0.617211
0.542517 0.0834361
0.326933 0.761229
-0.0270449 -0.543396
0.358117 0.867507
0.605823 0.067943
0.0503309 -0.0883347
0.244338 0.586468
0.236871 -0.911679
-0.594441 -0.777234
0.914242 -0.338113
-0.66409 0.639102
0.778617 0.217942
-0.928067 -0.019183
0.936149 -0.14463
-0.802405 -0.0194687
-0.23504 -0.32183
0.759526 -0.650175
0.158841 -0.364479
0.19411 0.408234
-0.807637 0.0504588
0.086764 0.242789
-0.359726 0.0815238
0.613183 -0.236354
-0.289801 -0.680064
0.161985 0.486178
0.55255 0.711766
0.64299 0.727664
-0.147734 -0.960992
0.266675 0.00675762
-0.424465 0.0160927
-0.0529668 -0.213204
0.33501 0.519809
0.157614 -0.980013
-0.718419 -0.463274
-0.237873 0.0755625
0.449476 0.339797
-0.436641 -0.631066
0.672955 0.35415
0.497776 0.119867
-0.0591478 -0.0962973
-0.146754 -0.496565
0.22431 -0.0225428
-0.649834 0.247467
-0.44918 0.634487
0.607921 -0.672323
0.51728 -0.0757243
0.186933 -0.216026
-0.754112 -0.357858
-0.518676 0.616621
-0.378341 -0.778401
0.252428 0.553919
-0.379942 0.312914
0.616743 -0.398564
0.328106 0.479672
-0.148426 -0.595109
-0.00397325 -0.77848
0.751962 0.23331
-0.763588 0.380411
-0.426563 0.756609
-0.284009 0.665193
0.680051 -0.379245
0.0248246 -0.772264
-0.327089 0.611835
0.807141 -0.380752
-0.0467102 0.942144
-0.735551 -0.412804
-0.147201 -0.00261706
-0.452823 -0.589509
-0.229576 -0.485084
-0.0172947 -0.671996
-0.235461 0.608392
0.0432347 0.645562
-0.0460775 -0.424262
-0.577965 0.136239
-0.262387 0.0579183
0.442831 0.654878
0.529643 -0.285245
-0.111219 0.745569
0.770279 0.0743406
0.852394 0.186062
0.336673 0.458069
-0.186281 -0.826838
-0.717445 -0.103282
-0.406145 -0.0790133
0.229775 -0.174026
0.168365 -0.291311
0.430182 0.0701523
-0.881441 -0.38474
0.929481 -0.206217
0.114305 -0.883193
0.240755 0.370759
-0.472984 0.563514
0.204513 -0.753431
-0.176499 -0.419488
-0.339022 0.0501655
0.17508 0.573449
-0.131947 0.363694
-0.339997 -0.327357
0.105255 -0.983734
-0.666472 0.599648
-0.613242 -0.750426
-0.0405734 0.0829214
0.780535 0.4438
